{
 "cells": [
  {
   "cell_type": "markdown",
   "id": "87d7f885-938a-486b-baf7-a000654039c3",
   "metadata": {},
   "source": [
    "# Optimisation"
   ]
  },
  {
   "cell_type": "code",
   "execution_count": 3,
   "id": "65544001-2b84-4c5e-8288-28b5143cee4f",
   "metadata": {},
   "outputs": [],
   "source": [
    "import sys\n",
    "sys.path.append(\"..\")\n",
    "from cavsim2d.cavity import Cavity, Cavities, OperationPoints\n",
    "import numpy as np\n",
    "import json\n",
    "import matplotlib\n",
    "import matplotlib.pyplot as plt\n",
    "plt.ion()\n",
    "# %matplotlib inline\n",
    "import pprint\n",
    "pp = pprint.PrettyPrinter(indent=4)"
   ]
  },
  {
   "cell_type": "code",
   "execution_count": 4,
   "id": "1f2aefa3-c842-444c-8035-072dc20aed23",
   "metadata": {},
   "outputs": [
    {
     "name": "stdout",
     "output_type": "stream",
     "text": [
      "\u001b[32mDONE:: Project D:\\Dropbox\\CavityDesignHub\\MuCol_Study\\SimulationData\\ConsoleTest created successfully/already exists.\u001b[0m\n"
     ]
    },
    {
     "data": {
      "application/vnd.jupyter.widget-view+json": {
       "model_id": "a3b8cac2288b4d85a34bf8c2b06918a8",
       "version_major": 2,
       "version_minor": 0
      },
      "text/plain": [
       "  0%|          | 0/6 [00:00<?, ?it/s]"
      ]
     },
     "metadata": {},
     "output_type": "display_data"
    },
    {
     "name": "stdout",
     "output_type": "stream",
     "text": [
      "       key     A     B     a     b    Ri     L         Req     alpha_i  \\\n",
      "0  G0_C1_P  62.0  74.0  15.0  15.0  72.5  93.5  174.807603  114.820099   \n",
      "1  G0_C2_P  38.0  50.0  25.0  25.0  77.5  93.5  183.662248  119.364651   \n",
      "2  G0_C4_P  26.0  26.0  35.0  35.0  62.5  93.5  182.452690  114.272859   \n",
      "\n",
      "      alpha_o  freq [MHz]  Epk/Eacc []  Bpk/Eacc [mT/MV/m]  rank_Epk/Eacc []  \\\n",
      "0  114.820099  801.580199     2.352431            4.639548               3.0   \n",
      "1  119.364651  801.583215     2.016814            5.330161               2.0   \n",
      "2  114.272859  801.583637     1.864628            5.431887               1.0   \n",
      "\n",
      "   rank_Bpk/Eacc [mT/MV/m]  total_rank  \n",
      "0                      1.0         2.0  \n",
      "1                      2.0         2.0  \n",
      "2                      3.0         2.0  \n",
      "   Epk/Eacc []  Bpk/Eacc [mT/MV/m]\n",
      "0     2.352431            4.639548\n",
      "1     2.016814            5.330161\n",
      "2     1.864628            5.431887\n",
      "Pareto: 3 optimal values, 3 objects\n",
      "pareto [['min', 'Epk/Eacc []'], ['min', 'Bpk/Eacc [mT/MV/m]']] ['min', 'min']\n",
      "lst_oa::  (0, 1, 2)\n",
      "lst::  [0 1 2]\n",
      "reorder_index [0, 1, 2] [0, 1, 2]\n",
      "\u001b[32mDONE::        key     A     B     a     b    Ri     L         Req     alpha_i  \\\n",
      "0  G0_C1_P  62.0  74.0  15.0  15.0  72.5  93.5  174.807603  114.820099   \n",
      "1  G0_C2_P  38.0  50.0  25.0  25.0  77.5  93.5  183.662248  119.364651   \n",
      "2  G0_C4_P  26.0  26.0  35.0  35.0  62.5  93.5  182.452690  114.272859   \n",
      "\n",
      "      alpha_o  freq [MHz]  Epk/Eacc []  Bpk/Eacc [mT/MV/m]  rank_Epk/Eacc []  \\\n",
      "0  114.820099  801.580199     2.352431            4.639548               3.0   \n",
      "1  119.364651  801.583215     2.016814            5.330161               2.0   \n",
      "2  114.272859  801.583637     1.864628            5.431887               1.0   \n",
      "\n",
      "   rank_Bpk/Eacc [mT/MV/m]  total_rank  \n",
      "0                      1.0         2.0  \n",
      "1                      2.0         2.0  \n",
      "2                      3.0         2.0  \u001b[0m\n",
      "\u001b[34mINFO:: ================================================================================\u001b[0m\n"
     ]
    },
    {
     "name": "stderr",
     "output_type": "stream",
     "text": [
      "D:\\Dropbox\\cavsim2d\\notebooks\\..\\cavsim2d\\cavity.py:615: FutureWarning: The behavior of DataFrame concatenation with empty or all-NA entries is deprecated. In a future version, this will no longer exclude empty or all-NA columns when determining the result dtypes. To retain the old behavior, exclude the relevant entries before the concat operation.\n",
      "  df_ng = pd.concat([df_cross, df_mutation, df_chaos], ignore_index=True)\n"
     ]
    },
    {
     "name": "stdout",
     "output_type": "stream",
     "text": [
      "        key     A     B     a     b    Ri     L         Req     alpha_i  \\\n",
      "0  G0_C1_CO  50.0  38.0  20.0  25.0  75.0  93.5  174.463056  115.228151   \n",
      "1  G0_C2_CO  50.0  50.0  25.0  20.0  75.0  93.5  175.674027  112.793154   \n",
      "2   G0_C1_P  62.0  74.0  15.0  15.0  72.5  93.5  174.807603  114.820099   \n",
      "3   G0_C2_P  38.0  50.0  25.0  25.0  77.5  93.5  183.662248  119.364651   \n",
      "4   G0_C4_P  26.0  26.0  35.0  35.0  62.5  93.5  182.452690  114.272859   \n",
      "5  G0_C0_CO  50.0  38.0  25.0  20.0  77.5  93.5  173.986576  111.441995   \n",
      "6  G0_C3_CO  50.0  50.0  20.0  25.0  77.5  93.5  177.635891  117.634146   \n",
      "7  G0_C4_CO  50.0  50.0  25.0  20.0  77.5  93.5  176.454291  113.429493   \n",
      "\n",
      "      alpha_o  freq [MHz]  Epk/Eacc []  Bpk/Eacc [mT/MV/m]  rank_Epk/Eacc []  \\\n",
      "0  115.228151  801.579618     2.204186            4.791696               5.0   \n",
      "1  112.793154  801.580008     2.165290            4.970518               3.0   \n",
      "2  114.820099  801.580199     2.352431            4.639548               8.0   \n",
      "3  119.364651  801.583215     2.016814            5.330161               2.0   \n",
      "4  114.272859  801.583637     1.864628            5.431887               1.0   \n",
      "5  111.441995  801.580006     2.216245            4.952198               6.0   \n",
      "6  117.634146  801.570849     2.253740            4.930399               7.0   \n",
      "7  113.429493  801.580006     2.185997            5.025741               4.0   \n",
      "\n",
      "   rank_Bpk/Eacc [mT/MV/m]  total_rank  \n",
      "0                      2.0         3.5  \n",
      "1                      5.0         4.0  \n",
      "2                      1.0         4.5  \n",
      "3                      7.0         4.5  \n",
      "4                      8.0         4.5  \n",
      "5                      4.0         5.0  \n",
      "6                      3.0         5.0  \n",
      "7                      6.0         5.0  \n",
      "   Epk/Eacc []  Bpk/Eacc [mT/MV/m]\n",
      "0     2.204186            4.791696\n",
      "1     2.165290            4.970518\n",
      "2     2.352431            4.639548\n",
      "3     2.016814            5.330161\n",
      "4     1.864628            5.431887\n",
      "5     2.216245            4.952198\n",
      "6     2.253740            4.930399\n",
      "7     2.185997            5.025741\n",
      "Pareto: 5 optimal values, 5 objects\n",
      "pareto [['min', 'Epk/Eacc []'], ['min', 'Bpk/Eacc [mT/MV/m]']] ['min', 'min']\n",
      "lst_oa::  (0, 1, 2, 3, 4)\n",
      "lst::  [0 1 2 3 4]\n",
      "reorder_index [0, 1, 2, 3, 4, 5, 6, 7] [0, 1, 2, 3, 4, 5, 6, 7]\n",
      "\u001b[32mDONE::         key     A     B     a     b    Ri     L         Req     alpha_i  \\\n",
      "0  G0_C1_CO  50.0  38.0  20.0  25.0  75.0  93.5  174.463056  115.228151   \n",
      "1  G0_C2_CO  50.0  50.0  25.0  20.0  75.0  93.5  175.674027  112.793154   \n",
      "2   G0_C1_P  62.0  74.0  15.0  15.0  72.5  93.5  174.807603  114.820099   \n",
      "3   G0_C2_P  38.0  50.0  25.0  25.0  77.5  93.5  183.662248  119.364651   \n",
      "4   G0_C4_P  26.0  26.0  35.0  35.0  62.5  93.5  182.452690  114.272859   \n",
      "5  G0_C0_CO  50.0  38.0  25.0  20.0  77.5  93.5  173.986576  111.441995   \n",
      "6  G0_C3_CO  50.0  50.0  20.0  25.0  77.5  93.5  177.635891  117.634146   \n",
      "7  G0_C4_CO  50.0  50.0  25.0  20.0  77.5  93.5  176.454291  113.429493   \n",
      "\n",
      "      alpha_o  freq [MHz]  Epk/Eacc []  Bpk/Eacc [mT/MV/m]  rank_Epk/Eacc []  \\\n",
      "0  115.228151  801.579618     2.204186            4.791696               5.0   \n",
      "1  112.793154  801.580008     2.165290            4.970518               3.0   \n",
      "2  114.820099  801.580199     2.352431            4.639548               8.0   \n",
      "3  119.364651  801.583215     2.016814            5.330161               2.0   \n",
      "4  114.272859  801.583637     1.864628            5.431887               1.0   \n",
      "5  111.441995  801.580006     2.216245            4.952198               6.0   \n",
      "6  117.634146  801.570849     2.253740            4.930399               7.0   \n",
      "7  113.429493  801.580006     2.185997            5.025741               4.0   \n",
      "\n",
      "   rank_Bpk/Eacc [mT/MV/m]  total_rank  \n",
      "0                      2.0         3.5  \n",
      "1                      5.0         4.0  \n",
      "2                      1.0         4.5  \n",
      "3                      7.0         4.5  \n",
      "4                      8.0         4.5  \n",
      "5                      4.0         5.0  \n",
      "6                      3.0         5.0  \n",
      "7                      6.0         5.0  \u001b[0m\n",
      "\u001b[34mINFO:: ================================================================================\u001b[0m\n"
     ]
    },
    {
     "name": "stderr",
     "output_type": "stream",
     "text": [
      "D:\\Dropbox\\cavsim2d\\notebooks\\..\\cavsim2d\\cavity.py:615: FutureWarning: The behavior of DataFrame concatenation with empty or all-NA entries is deprecated. In a future version, this will no longer exclude empty or all-NA columns when determining the result dtypes. To retain the old behavior, exclude the relevant entries before the concat operation.\n",
      "  df_ng = pd.concat([df_cross, df_mutation, df_chaos], ignore_index=True)\n"
     ]
    },
    {
     "name": "stdout",
     "output_type": "stream",
     "text": [
      "         key     A     B     a     b     Ri     L         Req     alpha_i  \\\n",
      "0   G0_C1_CO  50.0  38.0  20.0  25.0  75.00  93.5  174.463056  115.228151   \n",
      "1   G1_C1_CO  44.0  50.0  22.5  20.0  68.75  93.5  177.738956  115.774287   \n",
      "2   G0_C2_CO  50.0  50.0  25.0  20.0  75.00  93.5  175.674027  112.793154   \n",
      "3   G1_C3_CO  44.0  62.0  25.0  25.0  67.50  93.5  179.462239  116.078531   \n",
      "4    G0_C1_P  62.0  74.0  15.0  15.0  72.50  93.5  174.807603  114.820099   \n",
      "5    G0_C4_P  26.0  26.0  35.0  35.0  62.50  93.5  182.452690  114.272859   \n",
      "6   G0_C0_CO  50.0  38.0  25.0  20.0  77.50  93.5  173.986576  111.441995   \n",
      "7   G0_C3_CO  50.0  50.0  20.0  25.0  77.50  93.5  177.635891  117.634146   \n",
      "8   G1_C2_CO  50.0  62.0  25.0  25.0  75.00  93.5  178.209510  115.483669   \n",
      "9   G1_C4_CO  38.0  62.0  25.0  20.0  68.75  93.5  183.181157  117.319406   \n",
      "10  G0_C4_CO  50.0  50.0  25.0  20.0  77.50  93.5  176.454291  113.429493   \n",
      "11   G0_C2_P  38.0  50.0  25.0  25.0  77.50  93.5  183.662248  119.364651   \n",
      "12  G1_C0_CO  44.0  50.0  20.0  30.0  76.25  93.5  180.615509  120.210083   \n",
      "\n",
      "       alpha_o  freq [MHz]  Epk/Eacc []  Bpk/Eacc [mT/MV/m]  rank_Epk/Eacc []  \\\n",
      "0   115.228151  801.579618     2.204186            4.791696               9.0   \n",
      "1   115.774287  801.580003     2.019073            4.977491               5.0   \n",
      "2   112.793154  801.580008     2.165290            4.970518               7.0   \n",
      "3   116.078531  801.582298     1.920045            5.063652               2.0   \n",
      "4   114.820099  801.580199     2.352431            4.639548              12.0   \n",
      "5   114.272859  801.583637     1.864628            5.431887               1.0   \n",
      "6   111.441995  801.580006     2.216245            4.952198              10.0   \n",
      "7   117.634146  801.570849     2.253740            4.930399              11.0   \n",
      "8   115.483669  801.573315     2.040869            5.036254               6.0   \n",
      "9   117.319406  801.580128     1.985319            5.286890               3.0   \n",
      "10  113.429493  801.580006     2.185997            5.025741               8.0   \n",
      "11  119.364651  801.583215     2.016814            5.330161               4.0   \n",
      "12  120.210083  801.580005     2.357975            5.048547              13.0   \n",
      "\n",
      "    rank_Bpk/Eacc [mT/MV/m]  total_rank  \n",
      "0                       2.0         5.5  \n",
      "1                       6.0         5.5  \n",
      "2                       5.0         6.0  \n",
      "3                      10.0         6.0  \n",
      "4                       1.0         6.5  \n",
      "5                      13.0         7.0  \n",
      "6                       4.0         7.0  \n",
      "7                       3.0         7.0  \n",
      "8                       8.0         7.0  \n",
      "9                      11.0         7.0  \n",
      "10                      7.0         7.5  \n",
      "11                     12.0         8.0  \n",
      "12                      9.0        11.0  \n",
      "    Epk/Eacc []  Bpk/Eacc [mT/MV/m]\n",
      "0      2.204186            4.791696\n",
      "1      2.019073            4.977491\n",
      "2      2.165290            4.970518\n",
      "3      1.920045            5.063652\n",
      "4      2.352431            4.639548\n",
      "5      1.864628            5.431887\n",
      "6      2.216245            4.952198\n",
      "7      2.253740            4.930399\n",
      "8      2.040869            5.036254\n",
      "9      1.985319            5.286890\n",
      "10     2.185997            5.025741\n",
      "11     2.016814            5.330161\n",
      "12     2.357975            5.048547\n",
      "Pareto: 6 optimal values, 6 objects\n",
      "pareto [['min', 'Epk/Eacc []'], ['min', 'Bpk/Eacc [mT/MV/m]']] ['min', 'min']\n",
      "lst_oa::  (0, 1, 2, 3, 4, 5)\n",
      "lst::  [0 1 2 3 4 5]\n",
      "reorder_index [0, 1, 2, 3, 4, 5, 6, 7, 8, 9, 10, 11, 12] [0, 1, 2, 3, 4, 5, 6, 7, 8, 9, 10, 11, 12]\n",
      "\u001b[32mDONE::          key     A     B     a     b     Ri     L         Req     alpha_i  \\\n",
      "0   G0_C1_CO  50.0  38.0  20.0  25.0  75.00  93.5  174.463056  115.228151   \n",
      "1   G1_C1_CO  44.0  50.0  22.5  20.0  68.75  93.5  177.738956  115.774287   \n",
      "2   G0_C2_CO  50.0  50.0  25.0  20.0  75.00  93.5  175.674027  112.793154   \n",
      "3   G1_C3_CO  44.0  62.0  25.0  25.0  67.50  93.5  179.462239  116.078531   \n",
      "4    G0_C1_P  62.0  74.0  15.0  15.0  72.50  93.5  174.807603  114.820099   \n",
      "5    G0_C4_P  26.0  26.0  35.0  35.0  62.50  93.5  182.452690  114.272859   \n",
      "6   G0_C0_CO  50.0  38.0  25.0  20.0  77.50  93.5  173.986576  111.441995   \n",
      "7   G0_C3_CO  50.0  50.0  20.0  25.0  77.50  93.5  177.635891  117.634146   \n",
      "8   G1_C2_CO  50.0  62.0  25.0  25.0  75.00  93.5  178.209510  115.483669   \n",
      "9   G1_C4_CO  38.0  62.0  25.0  20.0  68.75  93.5  183.181157  117.319406   \n",
      "10  G0_C4_CO  50.0  50.0  25.0  20.0  77.50  93.5  176.454291  113.429493   \n",
      "11   G0_C2_P  38.0  50.0  25.0  25.0  77.50  93.5  183.662248  119.364651   \n",
      "12  G1_C0_CO  44.0  50.0  20.0  30.0  76.25  93.5  180.615509  120.210083   \n",
      "\n",
      "       alpha_o  freq [MHz]  Epk/Eacc []  Bpk/Eacc [mT/MV/m]  rank_Epk/Eacc []  \\\n",
      "0   115.228151  801.579618     2.204186            4.791696               9.0   \n",
      "1   115.774287  801.580003     2.019073            4.977491               5.0   \n",
      "2   112.793154  801.580008     2.165290            4.970518               7.0   \n",
      "3   116.078531  801.582298     1.920045            5.063652               2.0   \n",
      "4   114.820099  801.580199     2.352431            4.639548              12.0   \n",
      "5   114.272859  801.583637     1.864628            5.431887               1.0   \n",
      "6   111.441995  801.580006     2.216245            4.952198              10.0   \n",
      "7   117.634146  801.570849     2.253740            4.930399              11.0   \n",
      "8   115.483669  801.573315     2.040869            5.036254               6.0   \n",
      "9   117.319406  801.580128     1.985319            5.286890               3.0   \n",
      "10  113.429493  801.580006     2.185997            5.025741               8.0   \n",
      "11  119.364651  801.583215     2.016814            5.330161               4.0   \n",
      "12  120.210083  801.580005     2.357975            5.048547              13.0   \n",
      "\n",
      "    rank_Bpk/Eacc [mT/MV/m]  total_rank  \n",
      "0                       2.0         5.5  \n",
      "1                       6.0         5.5  \n",
      "2                       5.0         6.0  \n",
      "3                      10.0         6.0  \n",
      "4                       1.0         6.5  \n",
      "5                      13.0         7.0  \n",
      "6                       4.0         7.0  \n",
      "7                       3.0         7.0  \n",
      "8                       8.0         7.0  \n",
      "9                      11.0         7.0  \n",
      "10                      7.0         7.5  \n",
      "11                     12.0         8.0  \n",
      "12                      9.0        11.0  \u001b[0m\n",
      "\u001b[34mINFO:: ================================================================================\u001b[0m\n"
     ]
    },
    {
     "name": "stderr",
     "output_type": "stream",
     "text": [
      "D:\\Dropbox\\cavsim2d\\notebooks\\..\\cavsim2d\\cavity.py:615: FutureWarning: The behavior of DataFrame concatenation with empty or all-NA entries is deprecated. In a future version, this will no longer exclude empty or all-NA columns when determining the result dtypes. To retain the old behavior, exclude the relevant entries before the concat operation.\n",
      "  df_ng = pd.concat([df_cross, df_mutation, df_chaos], ignore_index=True)\n"
     ]
    },
    {
     "name": "stdout",
     "output_type": "stream",
     "text": [
      "         key     A     B     a     b     Ri     L         Req     alpha_i  \\\n",
      "0   G2_C0_CO  47.0  50.0  25.0  25.0  68.75  93.5  175.874632  113.868922   \n",
      "1   G2_C3_CO  47.0  68.0  25.0  30.0  67.50  93.5  178.993248  116.290279   \n",
      "2   G2_C4_CO  53.0  68.0  27.5  25.0  70.00  93.5  175.572386  111.455143   \n",
      "3   G0_C1_CO  50.0  38.0  20.0  25.0  75.00  93.5  174.463056  115.228151   \n",
      "4   G1_C3_CO  44.0  62.0  25.0  25.0  67.50  93.5  179.462239  116.078531   \n",
      "5   G1_C1_CO  44.0  50.0  22.5  20.0  68.75  93.5  177.738956  115.774287   \n",
      "6    G0_C1_P  62.0  74.0  15.0  15.0  72.50  93.5  174.807603  114.820099   \n",
      "7    G0_C4_P  26.0  26.0  35.0  35.0  62.50  93.5  182.452690  114.272859   \n",
      "8   G0_C2_CO  50.0  50.0  25.0  20.0  75.00  93.5  175.674027  112.793154   \n",
      "9   G2_C1_CO  38.0  50.0  22.5  20.0  70.00  93.5  181.741841  118.023994   \n",
      "10  G0_C0_CO  50.0  38.0  25.0  20.0  77.50  93.5  173.986576  111.441995   \n",
      "11  G0_C3_CO  50.0  50.0  20.0  25.0  77.50  93.5  177.635891  117.634146   \n",
      "12  G1_C4_CO  38.0  62.0  25.0  20.0  68.75  93.5  183.181157  117.319406   \n",
      "13  G2_C2_CO  38.0  50.0  22.5  20.0  71.25  93.5  182.061579  118.305933   \n",
      "14  G1_C2_CO  50.0  62.0  25.0  25.0  75.00  93.5  178.209510  115.483669   \n",
      "15  G0_C4_CO  50.0  50.0  25.0  20.0  77.50  93.5  176.454291  113.429493   \n",
      "16   G0_C2_P  38.0  50.0  25.0  25.0  77.50  93.5  183.662248  119.364651   \n",
      "17  G1_C0_CO  44.0  50.0  20.0  30.0  76.25  93.5  180.615509  120.210083   \n",
      "\n",
      "       alpha_o  freq [MHz]  Epk/Eacc []  Bpk/Eacc [mT/MV/m]  rank_Epk/Eacc []  \\\n",
      "0   113.868922  801.580007     1.980946            4.908266               4.0   \n",
      "1   116.290279  801.585702     1.884856            4.992658               2.0   \n",
      "2   111.455143  801.580007     2.039297            4.918573              10.0   \n",
      "3   115.228151  801.579618     2.204186            4.791696              14.0   \n",
      "4   116.078531  801.582298     1.920045            5.063652               3.0   \n",
      "5   115.774287  801.580003     2.019073            4.977491               9.0   \n",
      "6   114.820099  801.580199     2.352431            4.639548              17.0   \n",
      "7   114.272859  801.583637     1.864628            5.431887               1.0   \n",
      "8   112.793154  801.580008     2.165290            4.970518              12.0   \n",
      "9   118.023994  801.580131     1.989389            5.171552               6.0   \n",
      "10  111.441995  801.580006     2.216245            4.952198              15.0   \n",
      "11  117.634146  801.570849     2.253740            4.930399              16.0   \n",
      "12  117.319406  801.580128     1.985319            5.286890               5.0   \n",
      "13  118.305933  801.580165     2.006922            5.194066               7.0   \n",
      "14  115.483669  801.573315     2.040869            5.036254              11.0   \n",
      "15  113.429493  801.580006     2.185997            5.025741              13.0   \n",
      "16  119.364651  801.583215     2.016814            5.330161               8.0   \n",
      "17  120.210083  801.580005     2.357975            5.048547              18.0   \n",
      "\n",
      "    rank_Bpk/Eacc [mT/MV/m]  total_rank  \n",
      "0                       3.0         3.5  \n",
      "1                       9.0         5.5  \n",
      "2                       4.0         7.0  \n",
      "3                       2.0         8.0  \n",
      "4                      13.0         8.0  \n",
      "5                       8.0         8.5  \n",
      "6                       1.0         9.0  \n",
      "7                      18.0         9.5  \n",
      "8                       7.0         9.5  \n",
      "9                      14.0        10.0  \n",
      "10                      6.0        10.5  \n",
      "11                      5.0        10.5  \n",
      "12                     16.0        10.5  \n",
      "13                     15.0        11.0  \n",
      "14                     11.0        11.0  \n",
      "15                     10.0        11.5  \n",
      "16                     17.0        12.5  \n",
      "17                     12.0        15.0  \n",
      "    Epk/Eacc []  Bpk/Eacc [mT/MV/m]\n",
      "0      1.980946            4.908266\n",
      "1      1.884856            4.992658\n",
      "2      2.039297            4.918573\n",
      "3      2.204186            4.791696\n",
      "4      1.920045            5.063652\n",
      "5      2.019073            4.977491\n",
      "6      2.352431            4.639548\n",
      "7      1.864628            5.431887\n",
      "8      2.165290            4.970518\n",
      "9      1.989389            5.171552\n",
      "10     2.216245            4.952198\n",
      "11     2.253740            4.930399\n",
      "12     1.985319            5.286890\n",
      "13     2.006922            5.194066\n",
      "14     2.040869            5.036254\n",
      "15     2.185997            5.025741\n",
      "16     2.016814            5.330161\n",
      "17     2.357975            5.048547\n",
      "Pareto: 5 optimal values, 5 objects\n",
      "pareto [['min', 'Epk/Eacc []'], ['min', 'Bpk/Eacc [mT/MV/m]']] ['min', 'min']\n",
      "lst_oa::  (0, 1, 3, 6, 7)\n",
      "lst::  [0 1 3 6 7]\n",
      "reorder_index [0, 1, 3, 6, 7, 2, 4, 5, 8, 9, 10, 11, 12, 13, 14, 15, 16, 17] [0, 1, 3, 6, 7, 2, 4, 5, 8, 9, 10, 11, 12, 13, 14, 15, 16, 17]\n",
      "\u001b[32mDONE::          key     A     B     a     b     Ri     L         Req     alpha_i  \\\n",
      "0   G2_C0_CO  47.0  50.0  25.0  25.0  68.75  93.5  175.874632  113.868922   \n",
      "1   G2_C3_CO  47.0  68.0  25.0  30.0  67.50  93.5  178.993248  116.290279   \n",
      "2   G0_C1_CO  50.0  38.0  20.0  25.0  75.00  93.5  174.463056  115.228151   \n",
      "3    G0_C1_P  62.0  74.0  15.0  15.0  72.50  93.5  174.807603  114.820099   \n",
      "4    G0_C4_P  26.0  26.0  35.0  35.0  62.50  93.5  182.452690  114.272859   \n",
      "5   G2_C4_CO  53.0  68.0  27.5  25.0  70.00  93.5  175.572386  111.455143   \n",
      "6   G1_C3_CO  44.0  62.0  25.0  25.0  67.50  93.5  179.462239  116.078531   \n",
      "7   G1_C1_CO  44.0  50.0  22.5  20.0  68.75  93.5  177.738956  115.774287   \n",
      "8   G0_C2_CO  50.0  50.0  25.0  20.0  75.00  93.5  175.674027  112.793154   \n",
      "9   G2_C1_CO  38.0  50.0  22.5  20.0  70.00  93.5  181.741841  118.023994   \n",
      "10  G0_C0_CO  50.0  38.0  25.0  20.0  77.50  93.5  173.986576  111.441995   \n",
      "11  G0_C3_CO  50.0  50.0  20.0  25.0  77.50  93.5  177.635891  117.634146   \n",
      "12  G1_C4_CO  38.0  62.0  25.0  20.0  68.75  93.5  183.181157  117.319406   \n",
      "13  G2_C2_CO  38.0  50.0  22.5  20.0  71.25  93.5  182.061579  118.305933   \n",
      "14  G1_C2_CO  50.0  62.0  25.0  25.0  75.00  93.5  178.209510  115.483669   \n",
      "15  G0_C4_CO  50.0  50.0  25.0  20.0  77.50  93.5  176.454291  113.429493   \n",
      "16   G0_C2_P  38.0  50.0  25.0  25.0  77.50  93.5  183.662248  119.364651   \n",
      "17  G1_C0_CO  44.0  50.0  20.0  30.0  76.25  93.5  180.615509  120.210083   \n",
      "\n",
      "       alpha_o  freq [MHz]  Epk/Eacc []  Bpk/Eacc [mT/MV/m]  rank_Epk/Eacc []  \\\n",
      "0   113.868922  801.580007     1.980946            4.908266               4.0   \n",
      "1   116.290279  801.585702     1.884856            4.992658               2.0   \n",
      "2   115.228151  801.579618     2.204186            4.791696              14.0   \n",
      "3   114.820099  801.580199     2.352431            4.639548              17.0   \n",
      "4   114.272859  801.583637     1.864628            5.431887               1.0   \n",
      "5   111.455143  801.580007     2.039297            4.918573              10.0   \n",
      "6   116.078531  801.582298     1.920045            5.063652               3.0   \n",
      "7   115.774287  801.580003     2.019073            4.977491               9.0   \n",
      "8   112.793154  801.580008     2.165290            4.970518              12.0   \n",
      "9   118.023994  801.580131     1.989389            5.171552               6.0   \n",
      "10  111.441995  801.580006     2.216245            4.952198              15.0   \n",
      "11  117.634146  801.570849     2.253740            4.930399              16.0   \n",
      "12  117.319406  801.580128     1.985319            5.286890               5.0   \n",
      "13  118.305933  801.580165     2.006922            5.194066               7.0   \n",
      "14  115.483669  801.573315     2.040869            5.036254              11.0   \n",
      "15  113.429493  801.580006     2.185997            5.025741              13.0   \n",
      "16  119.364651  801.583215     2.016814            5.330161               8.0   \n",
      "17  120.210083  801.580005     2.357975            5.048547              18.0   \n",
      "\n",
      "    rank_Bpk/Eacc [mT/MV/m]  total_rank  \n",
      "0                       3.0         3.5  \n",
      "1                       9.0         5.5  \n",
      "2                       2.0         8.0  \n",
      "3                       1.0         9.0  \n",
      "4                      18.0         9.5  \n",
      "5                       4.0         7.0  \n",
      "6                      13.0         8.0  \n",
      "7                       8.0         8.5  \n",
      "8                       7.0         9.5  \n",
      "9                      14.0        10.0  \n",
      "10                      6.0        10.5  \n",
      "11                      5.0        10.5  \n",
      "12                     16.0        10.5  \n",
      "13                     15.0        11.0  \n",
      "14                     11.0        11.0  \n",
      "15                     10.0        11.5  \n",
      "16                     17.0        12.5  \n",
      "17                     12.0        15.0  \u001b[0m\n",
      "\u001b[34mINFO:: ================================================================================\u001b[0m\n"
     ]
    },
    {
     "name": "stderr",
     "output_type": "stream",
     "text": [
      "D:\\Dropbox\\cavsim2d\\notebooks\\..\\cavsim2d\\cavity.py:615: FutureWarning: The behavior of DataFrame concatenation with empty or all-NA entries is deprecated. In a future version, this will no longer exclude empty or all-NA columns when determining the result dtypes. To retain the old behavior, exclude the relevant entries before the concat operation.\n",
      "  df_ng = pd.concat([df_cross, df_mutation, df_chaos], ignore_index=True)\n"
     ]
    },
    {
     "name": "stdout",
     "output_type": "stream",
     "text": [
      "         key     A     B     a     b     Ri     L         Req     alpha_i  \\\n",
      "0   G2_C0_CO  47.0  50.0  25.0  25.0  68.75  93.5  175.874632  113.868922   \n",
      "1   G3_C3_CO  54.5  71.0  22.5  27.5  70.00  93.5  176.471086  115.094123   \n",
      "2   G3_C4_CO  48.5  53.0  22.5  25.0  70.00  93.5  176.422749  115.344740   \n",
      "3   G2_C3_CO  47.0  68.0  25.0  30.0  67.50  93.5  178.993248  116.290279   \n",
      "4   G3_C2_CO  54.5  32.0  22.5  22.5  70.00  93.5  168.740340  107.986045   \n",
      "5   G3_C1_CO  48.5  53.0  25.0  22.5  68.75  93.5  175.415469  113.035574   \n",
      "6   G1_C3_CO  44.0  62.0  25.0  25.0  67.50  93.5  179.462239  116.078531   \n",
      "7   G3_C0_CO  44.0  32.0  27.5  25.0  68.75  93.5  173.223316  111.361583   \n",
      "8   G2_C4_CO  53.0  68.0  27.5  25.0  70.00  93.5  175.572386  111.455143   \n",
      "9   G0_C1_CO  50.0  38.0  20.0  25.0  75.00  93.5  174.463056  115.228151   \n",
      "10   G0_C1_P  62.0  74.0  15.0  15.0  72.50  93.5  174.807603  114.820099   \n",
      "11   G0_C4_P  26.0  26.0  35.0  35.0  62.50  93.5  182.452690  114.272859   \n",
      "12  G1_C1_CO  44.0  50.0  22.5  20.0  68.75  93.5  177.738956  115.774287   \n",
      "13  G2_C1_CO  38.0  50.0  22.5  20.0  70.00  93.5  181.741841  118.023994   \n",
      "14  G1_C4_CO  38.0  62.0  25.0  20.0  68.75  93.5  183.181157  117.319406   \n",
      "15  G2_C2_CO  38.0  50.0  22.5  20.0  71.25  93.5  182.061579  118.305933   \n",
      "16  G0_C2_CO  50.0  50.0  25.0  20.0  75.00  93.5  175.674027  112.793154   \n",
      "17  G0_C0_CO  50.0  38.0  25.0  20.0  77.50  93.5  173.986576  111.441995   \n",
      "18  G1_C2_CO  50.0  62.0  25.0  25.0  75.00  93.5  178.209510  115.483669   \n",
      "19  G0_C3_CO  50.0  50.0  20.0  25.0  77.50  93.5  177.635891  117.634146   \n",
      "20   G0_C2_P  38.0  50.0  25.0  25.0  77.50  93.5  183.662248  119.364651   \n",
      "21  G0_C4_CO  50.0  50.0  25.0  20.0  77.50  93.5  176.454291  113.429493   \n",
      "22  G1_C0_CO  44.0  50.0  20.0  30.0  76.25  93.5  180.615509  120.210083   \n",
      "\n",
      "       alpha_o  freq [MHz]  Epk/Eacc []  Bpk/Eacc [mT/MV/m]  rank_Epk/Eacc []  \\\n",
      "0   113.868922  801.580007     1.980946            4.908266               4.0   \n",
      "1   115.094123  801.576050     1.995741            4.815811               7.0   \n",
      "2   115.344740  801.577058     1.999123            4.869276               8.0   \n",
      "3   116.290279  801.585702     1.884856            4.992658               2.0   \n",
      "4   107.986045  801.578868     2.131690            4.592981              16.0   \n",
      "5   113.035574  801.580004     2.031253            4.893510              13.0   \n",
      "6   116.078531  801.582298     1.920045            5.063652               3.0   \n",
      "7   111.361583  801.580009     2.026164            4.920055              12.0   \n",
      "8   111.455143  801.580007     2.039297            4.918573              14.0   \n",
      "9   115.228151  801.579618     2.204186            4.791696              19.0   \n",
      "10  114.820099  801.580199     2.352431            4.639548              22.0   \n",
      "11  114.272859  801.583637     1.864628            5.431887               1.0   \n",
      "12  115.774287  801.580003     2.019073            4.977491              11.0   \n",
      "13  118.023994  801.580131     1.989389            5.171552               6.0   \n",
      "14  117.319406  801.580128     1.985319            5.286890               5.0   \n",
      "15  118.305933  801.580165     2.006922            5.194066               9.0   \n",
      "16  112.793154  801.580008     2.165290            4.970518              17.0   \n",
      "17  111.441995  801.580006     2.216245            4.952198              20.0   \n",
      "18  115.483669  801.573315     2.040869            5.036254              15.0   \n",
      "19  117.634146  801.570849     2.253740            4.930399              21.0   \n",
      "20  119.364651  801.583215     2.016814            5.330161              10.0   \n",
      "21  113.429493  801.580006     2.185997            5.025741              18.0   \n",
      "22  120.210083  801.580005     2.357975            5.048547              23.0   \n",
      "\n",
      "    rank_Bpk/Eacc [mT/MV/m]  total_rank  \n",
      "0                       7.0         5.5  \n",
      "1                       4.0         5.5  \n",
      "2                       5.0         6.5  \n",
      "3                      14.0         8.0  \n",
      "4                       1.0         8.5  \n",
      "5                       6.0         9.5  \n",
      "6                      18.0        10.5  \n",
      "7                       9.0        10.5  \n",
      "8                       8.0        11.0  \n",
      "9                       3.0        11.0  \n",
      "10                      2.0        12.0  \n",
      "11                     23.0        12.0  \n",
      "12                     13.0        12.0  \n",
      "13                     19.0        12.5  \n",
      "14                     21.0        13.0  \n",
      "15                     20.0        14.5  \n",
      "16                     12.0        14.5  \n",
      "17                     11.0        15.5  \n",
      "18                     16.0        15.5  \n",
      "19                     10.0        15.5  \n",
      "20                     22.0        16.0  \n",
      "21                     15.0        16.5  \n",
      "22                     17.0        20.0  \n",
      "    Epk/Eacc []  Bpk/Eacc [mT/MV/m]\n",
      "0      1.980946            4.908266\n",
      "1      1.995741            4.815811\n",
      "2      1.999123            4.869276\n",
      "3      1.884856            4.992658\n",
      "4      2.131690            4.592981\n",
      "5      2.031253            4.893510\n",
      "6      1.920045            5.063652\n",
      "7      2.026164            4.920055\n",
      "8      2.039297            4.918573\n",
      "9      2.204186            4.791696\n",
      "10     2.352431            4.639548\n",
      "11     1.864628            5.431887\n",
      "12     2.019073            4.977491\n",
      "13     1.989389            5.171552\n",
      "14     1.985319            5.286890\n",
      "15     2.006922            5.194066\n",
      "16     2.165290            4.970518\n",
      "17     2.216245            4.952198\n",
      "18     2.040869            5.036254\n",
      "19     2.253740            4.930399\n",
      "20     2.016814            5.330161\n",
      "21     2.185997            5.025741\n",
      "22     2.357975            5.048547\n",
      "Pareto: 5 optimal values, 5 objects\n",
      "pareto [['min', 'Epk/Eacc []'], ['min', 'Bpk/Eacc [mT/MV/m]']] ['min', 'min']\n",
      "lst_oa::  (0, 1, 3, 4, 11)\n",
      "lst::  [ 0  1  3  4 11]\n",
      "reorder_index [0, 1, 3, 4, 11, 2, 5, 6, 7, 8, 9, 10, 12, 13, 14, 15, 16, 17, 18, 19, 20, 21, 22] [0, 1, 3, 4, 11, 2, 5, 6, 7, 8, 9, 10, 12, 13, 14, 15, 16, 17, 18, 19, 20, 21, 22]\n",
      "\u001b[32mDONE::          key     A     B     a     b     Ri     L         Req     alpha_i  \\\n",
      "0   G2_C0_CO  47.0  50.0  25.0  25.0  68.75  93.5  175.874632  113.868922   \n",
      "1   G3_C3_CO  54.5  71.0  22.5  27.5  70.00  93.5  176.471086  115.094123   \n",
      "2   G2_C3_CO  47.0  68.0  25.0  30.0  67.50  93.5  178.993248  116.290279   \n",
      "3   G3_C2_CO  54.5  32.0  22.5  22.5  70.00  93.5  168.740340  107.986045   \n",
      "4    G0_C4_P  26.0  26.0  35.0  35.0  62.50  93.5  182.452690  114.272859   \n",
      "5   G3_C4_CO  48.5  53.0  22.5  25.0  70.00  93.5  176.422749  115.344740   \n",
      "6   G3_C1_CO  48.5  53.0  25.0  22.5  68.75  93.5  175.415469  113.035574   \n",
      "7   G1_C3_CO  44.0  62.0  25.0  25.0  67.50  93.5  179.462239  116.078531   \n",
      "8   G3_C0_CO  44.0  32.0  27.5  25.0  68.75  93.5  173.223316  111.361583   \n",
      "9   G2_C4_CO  53.0  68.0  27.5  25.0  70.00  93.5  175.572386  111.455143   \n",
      "10  G0_C1_CO  50.0  38.0  20.0  25.0  75.00  93.5  174.463056  115.228151   \n",
      "11   G0_C1_P  62.0  74.0  15.0  15.0  72.50  93.5  174.807603  114.820099   \n",
      "12  G1_C1_CO  44.0  50.0  22.5  20.0  68.75  93.5  177.738956  115.774287   \n",
      "13  G2_C1_CO  38.0  50.0  22.5  20.0  70.00  93.5  181.741841  118.023994   \n",
      "14  G1_C4_CO  38.0  62.0  25.0  20.0  68.75  93.5  183.181157  117.319406   \n",
      "15  G2_C2_CO  38.0  50.0  22.5  20.0  71.25  93.5  182.061579  118.305933   \n",
      "16  G0_C2_CO  50.0  50.0  25.0  20.0  75.00  93.5  175.674027  112.793154   \n",
      "17  G0_C0_CO  50.0  38.0  25.0  20.0  77.50  93.5  173.986576  111.441995   \n",
      "18  G1_C2_CO  50.0  62.0  25.0  25.0  75.00  93.5  178.209510  115.483669   \n",
      "19  G0_C3_CO  50.0  50.0  20.0  25.0  77.50  93.5  177.635891  117.634146   \n",
      "20   G0_C2_P  38.0  50.0  25.0  25.0  77.50  93.5  183.662248  119.364651   \n",
      "21  G0_C4_CO  50.0  50.0  25.0  20.0  77.50  93.5  176.454291  113.429493   \n",
      "22  G1_C0_CO  44.0  50.0  20.0  30.0  76.25  93.5  180.615509  120.210083   \n",
      "\n",
      "       alpha_o  freq [MHz]  Epk/Eacc []  Bpk/Eacc [mT/MV/m]  rank_Epk/Eacc []  \\\n",
      "0   113.868922  801.580007     1.980946            4.908266               4.0   \n",
      "1   115.094123  801.576050     1.995741            4.815811               7.0   \n",
      "2   116.290279  801.585702     1.884856            4.992658               2.0   \n",
      "3   107.986045  801.578868     2.131690            4.592981              16.0   \n",
      "4   114.272859  801.583637     1.864628            5.431887               1.0   \n",
      "5   115.344740  801.577058     1.999123            4.869276               8.0   \n",
      "6   113.035574  801.580004     2.031253            4.893510              13.0   \n",
      "7   116.078531  801.582298     1.920045            5.063652               3.0   \n",
      "8   111.361583  801.580009     2.026164            4.920055              12.0   \n",
      "9   111.455143  801.580007     2.039297            4.918573              14.0   \n",
      "10  115.228151  801.579618     2.204186            4.791696              19.0   \n",
      "11  114.820099  801.580199     2.352431            4.639548              22.0   \n",
      "12  115.774287  801.580003     2.019073            4.977491              11.0   \n",
